100
63 64 66 69 44 4 47 37 50 78 46 12 13 68 38 10 14 14 86 64 28 21 97 1 37 48 12 94 56 57 12 99 93 11 48 14 97 56 46 94 88 19 7 29 80 9 58 22 73 35 62 50 89 5 15 70 95 60 55 18 81 31 88 43 40 83 32 13 92 56 18 16 69 20 18 16 17 39 5 19 65 99 40 71 83 45 59 19 37 56 29 55 24 56 81 27 81 44 43 59 
96 79 65 35 89 10 68 21 16 21 4 44 79 11 8 0 74 11 82 46 42 94 78 2 44 92 76 89 29 33 23 94 64 41 56 70 0 60 83 73 89 31 6 76 21 25 94 47 28 9 80 86 47 10 12 61 2 71 13 96 61 35 44 67 23 9 8 87 94 90 33 12 96 96 36 99 17 5 17 85 1 99 94 68 36 98 62 5 99 71 49 36 57 31 66 19 15 80 57 1 
11 63 14 35 25 52 33 92 83 17 91 21 12 67 6 15 72 95 2 4 41 53 45 17 20 82 27 70 8 61 62 37 58 24 15 91 85 35 41 63 39 76 0 6 40 79 47 40 49 69 45 25 56 16 13 62 76 23 41 89 0 87 37 4 43 54 33 74 93 90 70 63 46 75 19 20 37 18 86 12 47 22 98 73 88 50 19 9 55 5 5 97 85 68 41 53 99 24 25 93 
64 75 60 52 26 93 35 26 57 43 27 42 25 27 15 15 15 18 79 94 80 89 77 39 9 88 79 14 48 6 14 46 64 57 87 53 91 34 9 7 55 59 30 43 19 94 23 64 57 87 25 63 86 90 22 17 97 69 54 7 66 7 46 33 97 0 64 43 13 97 83 66 95 60 99 23 21 60 6 23 66 81 40 81 62 41 97 78 46 94 58 16 52 50 73 65 50 70 75 47 
85 35 0 80 56 49 96 97 45 58 73 10 25 65 35 91 6 7 96 9 66 70 75 62 18 91 99 67 33 77 50 92 99 66 43 51 34 23 40 82 57 2 26 33 55 31 31 13 80 29 55 85 53 52 46 55 12 64 28 50 7 40 9 24 32 65 37 30 62 87 20 16 53 23 77 68 58 79 13 9 61 37 28 41 53 3 23 58 51 9 6 17 37 85 3 0 73 15 57 96 
36 36 71 88 80 3 27 4 20 71 87 88 61 14 11 32 62 60 68 57 98 87 33 47 84 29 42 84 25 73 13 89 26 61 49 47 83 30 82 73 47 42 77 44 29 91 27 22 81 52 58 83 37 61 42 38 93 83 59 73 49 35 49 33 45 65 88 48 13 97 47 49 20 11 11 72 5 88 69 88 59 21 6 74 30 27 11 19 8 62 19 32 47 82 95 83 28 2 26 7 
52 86 63 46 88 43 95 35 49 59 39 50 50 55 33 37 48 0 29 35 7 80 58 45 36 3 2 95 11 85 64 82 45 76 81 95 42 42 94 60 47 58 21 6 8 77 13 89 93 85 77 66 60 72 48 37 47 97 0 1 46 85 41 22 40 13 91 41 41 58 45 37 90 14 42 3 98 52 14 78 81 77 76 76 84 6 81 26 83 66 8 66 9 49 93 30 24 52 30 17 
15 99 71 20 66 80 59 84 65 43 14 38 37 90 70 37 34 34 63 60 44 8 91 23 78 19 96 34 99 57 35 7 32 28 95 28 33 46 81 32 92 4 61 26 67 35 79 72 84 10 93 23 27 2 43 19 38 23 66 17 86 35 94 80 12 62 32 83 6 71 24 84 66 66 14 65 87 17 13 12 91 35 11 87 8 19 1 46 68 52 0 34 23 22 4 17 13 22 75 94 
20 67 74 89 30 28 64 71 69 27 31 20 49 21 4 59 33 97 43 53 33 57 47 36 25 41 59 5 8 84 45 40 73 90 28 43 81 62 32 97 65 69 4 85 52 76 17 29 6 12 67 0 59 30 65 52 22 55 48 39 63 50 84 75 3 29 94 23 95 96 37 91 74 86 39 26 46 39 12 25 2 42 87 50 23 43 51 71 84 51 88 82 10 68 36 42 51 86 2 73 
39 89 54 67 22 66 51 48 22 89 14 0 68 56 27 51 49 56 52 46 45 89 65 11 59 50 35 91 38 77 81 32 20 38 16 52 49 10 83 6 25 68 8 16 63 15 74 28 40 72 3 69 69 70 57 99 86 96 31 44 10 43 11 84 90 59 36 49 12 10 0 5 81 32 17 11 88 65 26 2 61 13 93 54 33 80 79 72 38 25 85 35 90 24 5 36 91 15 63 95 
39 35 60 30 64 57 43 75 97 54 30 21 44 11 59 9 81 68 3 43 6 70 97 83 97 50 33 54 60 37 23 21 46 49 40 70 96 47 37 41 73 67 14 83 90 50 23 21 13 72 18 51 34 60 34 10 44 13 2 90 73 9 12 19 4 83 37 89 38 46 55 79 86 14 44 33 45 67 77 87 81 8 58 93 51 68 96 9 43 24 80 57 4 87 66 68 97 69 26 3 
2 35 22 33 72 57 19 34 95 9 48 61 6 5 45 61 32 49 44 76 44 74 51 43 82 60 82 79 55 24 45 51 33 35 88 98 96 52 33 46 99 49 31 73 17 91 34 91 48 97 90 72 20 86 19 72 95 52 53 66 75 32 52 77 2 88 74 30 85 51 6 76 96 28 58 72 56 44 32 61 52 78 62 72 81 57 98 89 65 47 16 10 28 32 79 46 95 9 88 57 
56 57 51 4 68 93 75 8 9 15 38 72 89 42 63 0 18 30 8 39 90 64 87 21 16 36 2 39 42 26 86 28 35 26 97 71 1 53 59 88 68 82 37 18 56 88 70 98 79 53 94 64 12 36 48 52 6 91 8 75 54 10 32 34 86 40 65 28 78 1 94 47 40 95 47 17 86 30 88 34 4 7 83 51 4 92 10 2 77 2 20 30 99 29 76 66 90 54 12 39 
62 19 70 74 72 24 48 3 66 38 99 27 29 68 91 63 39 25 4 9 28 21 39 27 60 99 22 1 61 97 29 58 43 81 35 24 27 43 21 75 35 92 54 61 67 71 71 68 65 13 96 15 86 94 80 92 97 25 83 70 48 99 71 85 21 88 88 46 65 86 14 12 16 14 27 1 78 99 72 37 36 15 84 3 6 46 21 84 0 40 35 7 46 14 44 15 80 8 96 17 
54 75 25 16 57 57 49 57 75 65 26 51 16 74 24 67 6 5 1 61 29 55 87 26 88 86 76 25 49 57 95 3 18 89 81 81 21 41 53 75 62 59 50 35 40 77 20 40 93 61 33 37 83 67 97 81 55 3 29 61 87 56 24 50 79 96 58 18 16 82 79 78 9 44 23 12 48 70 17 46 83 60 80 88 16 63 38 34 74 90 40 60 22 65 2 92 5 31 36 35 
94 52 91 84 21 14 80 2 56 98 30 96 96 73 99 88 58 77 84 18 91 19 59 78 92 26 19 9 50 51 95 46 37 59 89 30 11 4 74 38 62 40 39 1 89 42 49 42 64 59 80 37 91 65 27 36 21 24 30 2 82 56 37 69 52 58 70 79 89 78 53 6 43 86 60 45 89 26 3 79 76 44 84 59 21 42 4 52 83 76 83 37 74 50 11 38 18 33 58 28 
81 57 22 88 52 0 38 7 5 95 38 3 19 62 32 61 64 3 80 44 9 19 87 64 87 61 96 33 5 46 38 3 30 94 3 47 87 63 97 71 91 10 0 8 44 95 65 89 57 11 74 24 77 92 68 12 99 99 70 5 65 1 50 79 26 68 0 65 33 57 72 60 43 71 71 32 80 20 24 90 41 2 4 75 77 38 53 73 14 15 76 75 33 38 46 11 40 84 84 33 
92 15 25 47 36 78 61 68 0 3 39 89 31 75 33 29 83 76 84 1 85 32 32 93 63 34 15 82 96 14 22 60 92 66 59 1 98 94 38 66 40 56 23 53 99 54 16 79 50 89 17 57 77 98 95 21 17 42 67 16 15 40 36 44 68 99 76 53 12 73 19 94 23 81 31 8 20 82 71 43 64 81 3 98 37 74 17 97 56 82 28 38 43 4 51 10 94 60 78 16 
81 77 10 90 5 5 66 81 69 28 37 88 82 32 58 81 90 89 36 18 3 74 71 31 97 13 1 17 1 49 97 50 92 39 70 70 36 42 56 0 84 39 66 74 57 82 5 45 23 77 45 66 48 93 86 9 59 61 8 49 58 23 16 64 4 85 93 34 17 49 74 26 10 63 74 35 97 99 78 5 57 87 47 95 53 19 54 65 85 82 45 96 79 8 11 43 8 22 55 71 
61 40 89 31 38 90 34 78 83 22 3 15 99 71 7 20 38 36 18 57 33 91 35 33 7 64 73 27 21 83 45 48 16 14 56 42 20 8 55 25 49 77 25 50 7 26 89 40 63 43 26 12 23 5 66 44 24 41 78 95 29 38 99 28 84 85 61 61 70 66 49 3 33 74 39 49 94 92 17 60 44 16 43 46 49 53 76 24 56 24 72 17 12 12 81 35 19 88 33 32 
99 33 46 36 11 50 86 50 80 32 87 92 71 73 66 39 94 93 85 95 47 80 17 84 96 11 36 42 39 64 24 76 31 59 3 64 52 36 30 18 41 11 89 37 73 87 8 16 84 59 82 90 72 7 51 82 12 22 50 82 13 21 84 65 65 61 53 38 82 80 76 77 7 89 12 81 45 51 92 3 46 9 19 76 46 86 71 62 16 89 27 5 25 7 30 78 26 27 40 99 
64 60 1 67 25 49 78 30 68 24 47 74 95 70 8 73 7 61 7 82 84 89 90 18 56 56 97 32 87 27 76 73 85 48 14 77 13 12 38 66 77 54 57 19 41 45 99 5 52 29 35 16 76 57 15 65 98 18 57 5 36 21 20 23 84 42 62 20 42 57 53 1 93 63 9 54 22 84 57 18 12 13 22 66 15 74 98 23 0 94 59 59 79 76 3 78 59 95 77 99 
36 64 53 78 78 15 73 20 21 41 95 97 63 41 5 36 17 76 40 28 78 8 21 8 81 72 21 35 13 29 68 59 18 61 93 81 85 27 22 53 37 31 98 47 43 81 99 50 80 80 52 50 54 48 65 31 31 16 82 45 97 41 19 65 6 26 10 0 5 45 54 28 96 18 13 7 90 58 44 61 73 62 67 4 15 47 31 6 25 57 40 52 65 91 85 13 44 46 41 37 
52 25 64 62 60 31 36 82 97 63 30 93 55 87 42 53 12 82 14 70 68 26 89 57 34 22 1 91 59 54 54 51 90 96 30 31 72 54 18 1 36 21 42 47 43 58 12 64 43 12 79 75 5 65 93 80 93 71 66 41 75 58 10 95 87 31 2 22 88 84 58 14 70 87 60 49 81 76 82 48 82 40 90 44 54 63 97 63 67 55 84 16 11 8 67 20 92 85 27 12 
10 45 4 26 63 0 37 64 12 99 33 28 31 59 95 43 98 17 49 26 29 60 46 20 1 89 38 11 83 84 93 40 68 97 6 29 6 54 18 63 45 5 22 57 38 40 20 26 90 57 51 84 80 63 17 69 83 98 42 15 48 15 88 13 17 27 61 30 53 96 24 85 44 17 90 71 40 62 80 59 98 70 49 57 98 77 72 81 97 55 36 77 66 57 67 96 54 28 70 9 
40 42 52 28 79 88 15 91 57 79 16 41 45 77 55 88 77 59 11 83 76 5 89 76 49 22 35 40 85 0 56 88 24 20 87 77 27 6 30 15 90 49 53 57 58 31 51 53 18 62 28 21 73 73 14 87 30 81 77 26 53 2 80 31 32 5 36 69 6 64 34 77 39 1 54 52 89 63 66 68 91 11 52 88 74 31 56 26 20 64 58 33 74 69 42 91 15 64 83 77 
56 18 70 60 23 68 92 33 1 11 96 80 4 30 48 97 20 69 12 84 5 73 57 67 13 53 32 20 29 76 62 82 93 77 32 96 18 86 29 86 84 52 77 5 79 36 11 27 73 13 70 94 32 15 37 3 45 90 84 80 81 56 38 49 92 68 77 2 94 70 75 5 33 94 47 32 43 73 75 45 42 33 76 28 57 54 75 4 11 77 76 39 1 5 39 48 15 52 69 66 
30 62 36 66 68 6 57 16 10 88 23 83 18 82 68 70 73 56 3 9 71 69 61 39 59 73 16 25 95 26 60 14 82 47 49 57 72 53 64 57 72 9 90 74 95 49 98 93 90 65 96 12 53 55 9 92 47 21 89 75 97 43 44 79 76 74 23 46 3 94 17 46 93 6 15 70 10 63 50 89 91 55 53 91 54 73 77 40 90 56 32 22 39 49 80 72 6 38 81 20 
19 59 16 70 50 17 4 77 29 89 17 37 41 88 9 9 6 29 73 85 78 58 46 30 13 41 33 59 6 48 7 96 79 40 28 27 80 93 76 57 43 25 78 3 83 52 10 8 25 93 77 64 10 39 80 28 96 57 89 10 64 67 62 67 27 45 85 66 18 33 2 78 19 76 48 85 53 91 79 59 23 15 17 55 38 86 54 43 52 87 59 64 77 32 66 67 48 97 67 1 
44 50 8 77 18 12 40 93 84 78 18 91 31 84 44 55 77 43 4 97 88 51 38 50 22 76 29 63 59 10 85 95 76 52 11 54 63 33 53 27 68 72 22 62 35 88 42 87 27 2 42 42 13 11 15 99 94 32 59 54 19 66 78 84 46 48 95 97 70 79 99 68 2 65 47 7 62 31 79 50 54 65 40 9 23 95 71 67 68 38 4 85 23 11 84 28 11 91 8 14 
93 6 77 42 11 12 78 34 17 56 58 43 81 72 87 74 0 97 6 26 73 85 39 57 16 10 49 95 40 72 58 59 79 39 1 55 55 29 11 2 51 1 66 35 67 85 6 39 57 22 95 36 21 48 4 11 63 12 12 39 59 9 73 2 79 93 58 81 47 64 33 12 44 82 76 40 98 52 51 5 82 61 28 72 77 31 67 10 72 20 66 35 62 39 45 0 95 72 8 2 
36 47 81 67 54 5 47 88 31 27 24 8 41 98 80 87 38 71 96 25 25 75 75 87 95 87 94 42 79 36 93 75 10 3 37 13 64 92 57 98 97 24 33 30 11 24 94 39 51 15 76 55 69 79 30 79 68 71 25 18 73 44 95 24 31 38 19 99 45 67 60 56 5 34 33 19 47 26 4 92 41 46 29 53 75 2 71 16 90 60 7 82 47 1 10 90 76 67 81 32 
94 45 97 94 16 10 86 29 4 89 76 21 20 62 62 62 80 73 73 16 22 16 23 94 80 46 66 60 9 40 68 31 62 30 76 80 26 59 93 81 92 81 0 97 68 84 44 90 23 97 19 51 73 99 20 44 60 23 71 21 62 29 24 68 91 48 42 8 13 38 40 98 11 13 46 75 44 19 23 68 5 25 19 19 93 70 43 38 94 42 89 53 21 6 65 10 43 22 74 51 
3 5 94 6 46 33 65 73 11 34 5 51 84 15 19 30 92 74 30 79 80 15 51 35 19 43 17 25 71 12 63 18 81 94 24 91 38 53 47 56 9 44 97 80 66 63 91 36 25 88 57 5 91 89 98 9 48 38 75 17 15 74 14 84 41 41 56 98 57 90 84 15 5 29 76 25 31 2 9 90 63 5 30 71 90 96 64 58 69 1 38 88 29 19 29 94 93 16 55 67 
52 24 79 38 22 93 22 29 76 90 10 50 88 83 5 92 66 78 99 45 59 33 23 33 15 6 64 33 27 99 71 94 60 34 92 84 69 37 31 92 97 77 59 17 31 22 12 91 40 87 4 88 40 65 47 74 60 62 14 57 0 51 48 88 67 25 50 48 38 65 75 34 43 7 27 6 49 43 99 38 10 41 29 2 55 57 12 18 39 65 95 98 81 93 77 51 0 48 86 1 
23 75 2 90 24 13 31 67 5 44 48 23 92 82 26 71 94 36 44 43 86 91 19 81 75 60 25 76 58 47 45 34 21 41 2 86 44 58 40 92 17 90 39 64 28 83 86 66 92 25 43 35 92 2 84 51 99 49 12 37 29 67 41 27 92 32 67 74 60 96 75 51 94 66 17 99 27 67 51 6 99 30 58 78 37 68 27 87 71 79 60 39 1 60 53 48 9 70 39 39 
28 89 30 28 86 93 42 86 39 97 64 48 28 42 72 96 44 55 18 27 94 2 5 81 86 41 79 77 61 80 56 33 18 26 75 92 77 58 87 80 73 76 63 65 76 57 73 84 34 79 67 83 70 80 37 34 85 15 68 73 77 29 77 94 76 73 49 41 50 32 85 1 30 19 49 47 80 82 43 69 2 67 99 27 33 40 27 89 11 59 5 91 36 95 2 54 7 12 34 12 
0 38 99 40 40 74 58 35 43 77 94 54 6 65 58 12 34 41 82 95 81 72 40 38 89 81 99 89 5 50 84 26 17 4 49 26 21 74 9 49 79 34 69 36 82 90 5 36 85 26 40 69 55 79 59 15 10 69 77 57 48 77 17 80 6 40 63 63 56 36 70 58 5 63 85 45 21 39 39 44 78 43 98 12 1 74 56 56 11 47 93 35 66 56 46 3 36 69 57 93 
34 83 51 3 11 63 94 74 25 22 82 99 75 5 54 92 69 83 66 35 41 38 49 52 95 97 99 49 68 8 57 64 79 99 38 27 36 68 31 11 95 8 8 73 16 0 85 3 67 14 40 86 11 14 78 73 86 72 91 24 31 84 44 85 42 17 44 63 61 50 56 17 5 41 87 55 41 86 26 49 22 55 74 75 0 79 49 3 38 2 62 95 96 93 5 47 60 99 24 74 
99 33 2 54 33 18 65 2 0 40 89 37 41 40 10 42 72 62 64 67 25 96 4 56 46 13 35 90 39 46 49 64 68 47 95 34 5 16 30 17 25 16 33 41 41 75 79 11 17 85 25 38 2 43 82 13 43 20 40 53 0 23 71 31 44 6 40 56 54 31 12 96 25 88 29 98 22 12 7 34 64 78 40 51 34 31 78 58 95 73 40 5 93 7 65 56 38 38 21 73 
75 58 35 61 67 6 5 21 81 55 75 28 50 92 60 78 74 41 6 92 88 81 62 96 35 42 67 76 41 88 90 90 55 27 86 35 70 20 74 80 72 72 49 56 21 44 15 28 18 32 79 78 39 86 68 75 93 32 0 85 37 85 68 22 21 94 77 53 23 34 59 36 9 47 60 83 65 49 34 23 82 59 94 32 4 13 28 68 21 51 51 79 55 54 56 48 99 55 72 62 
6 92 28 75 79 83 14 50 46 11 34 98 19 26 44 19 68 36 23 50 91 84 99 26 91 4 1 58 59 15 77 6 46 93 7 24 80 55 95 81 23 64 40 48 11 55 49 85 57 17 26 14 53 38 2 40 57 53 79 0 68 31 22 17 48 95 79 33 82 86 43 14 34 49 73 57 10 63 57 63 67 32 71 36 89 89 52 85 71 52 41 37 50 35 34 17 8 52 66 32 
62 41 25 53 17 44 67 9 34 28 94 22 94 33 67 21 91 48 92 16 58 20 93 46 78 0 20 79 49 80 82 97 15 41 98 21 21 86 28 47 8 83 22 95 28 91 28 36 38 55 39 97 22 79 69 9 78 57 55 75 80 98 58 4 15 37 88 19 22 13 81 72 14 11 35 57 56 28 41 63 44 15 86 47 89 52 82 33 7 70 34 61 35 56 27 38 19 8 92 19 
19 55 48 1 36 1 52 12 5 68 40 7 12 69 74 89 12 46 36 20 72 94 84 15 26 25 42 78 52 62 88 72 99 12 19 11 6 71 63 84 22 60 46 71 90 78 37 30 21 76 79 35 45 27 45 55 25 84 6 74 42 26 55 20 2 69 89 66 11 99 9 75 22 58 68 76 37 41 10 20 63 94 46 42 58 17 96 54 4 98 49 34 28 82 42 3 44 61 61 99 
45 40 12 64 11 41 89 98 56 8 82 55 60 68 71 46 39 15 84 21 42 55 42 54 33 48 26 46 23 12 38 68 48 30 14 28 17 93 89 62 61 95 70 30 60 45 5 29 48 38 14 23 55 95 15 23 25 68 64 93 93 75 3 3 67 18 65 65 10 68 74 6 14 47 25 3 83 68 87 94 70 88 57 7 17 97 19 43 30 64 35 26 50 56 23 95 14 28 40 91 
62 54 44 20 92 82 56 97 60 47 8 28 30 98 95 32 82 95 36 53 4 59 0 70 65 95 63 0 83 16 92 40 87 53 55 55 46 23 74 59 62 65 30 23 19 96 39 91 27 53 55 45 26 51 13 92 17 57 26 64 71 9 52 41 97 14 7 57 32 34 71 25 35 87 14 58 68 0 72 52 87 77 79 28 95 61 40 6 73 40 48 77 70 37 18 16 8 4 80 55 
46 93 55 65 44 21 56 61 76 73 92 4 36 44 93 96 15 30 41 4 53 82 75 88 94 50 55 91 67 12 86 5 49 76 35 80 57 2 58 36 56 95 93 55 73 73 27 13 18 71 22 46 17 64 91 85 39 63 19 97 37 4 53 92 58 76 18 60 24 16 77 67 33 53 0 49 73 53 22 49 13 13 0 19 1 96 88 52 45 26 8 86 32 11 36 39 37 81 29 18 
88 13 29 50 23 23 56 16 0 47 91 38 90 70 24 54 55 88 37 11 20 95 48 69 42 86 55 13 48 17 77 84 43 69 67 44 20 68 6 69 6 33 84 60 86 4 53 48 16 80 2 23 67 95 85 73 72 5 8 88 47 10 36 0 28 88 60 57 59 4 16 88 87 44 15 42 80 66 63 73 50 78 77 41 39 85 74 96 71 12 29 0 60 78 84 71 64 48 36 83 
86 82 94 77 23 3 96 61 69 84 42 91 56 53 80 19 56 78 32 67 96 59 25 1 64 51 44 17 33 96 58 31 69 17 68 60 7 58 91 79 97 66 25 94 6 24 58 83 17 32 90 51 11 34 72 62 49 63 63 85 51 38 66 88 78 21 12 70 85 82 74 79 24 50 3 61 45 16 24 47 25 23 45 17 54 40 95 52 66 11 89 77 23 98 98 2 70 18 75 97 
35 58 62 54 64 50 37 40 21 11 40 47 96 77 1 1 17 70 21 11 41 42 41 42 78 34 72 33 99 39 89 40 51 89 39 13 15 11 43 71 11 43 38 3 91 89 35 39 44 63 33 15 85 9 36 53 37 83 77 65 81 0 36 8 72 67 52 6 13 69 47 48 75 11 70 72 83 72 12 3 4 41 4 98 66 70 94 49 2 73 41 76 17 47 81 17 24 45 62 50 
63 46 44 30 61 23 48 31 99 51 33 69 83 90 62 79 18 86 25 60 19 41 86 89 2 70 12 97 59 94 84 99 2 16 2 14 12 93 79 37 74 21 51 86 10 36 57 49 72 88 94 0 10 58 79 75 6 43 67 72 14 24 95 32 38 94 26 92 91 30 49 75 54 69 1 99 54 87 48 70 95 72 63 62 18 25 50 78 71 78 94 40 5 50 3 45 41 72 85 62 
79 26 92 38 4 88 98 51 59 10 26 13 24 27 72 68 29 37 50 36 96 57 8 2 62 34 71 11 85 8 27 13 22 81 30 80 98 25 50 27 44 56 61 63 5 7 0 45 76 95 96 37 17 54 93 83 94 5 58 53 91 99 34 66 23 20 41 18 75 29 5 58 3 55 83 76 70 18 24 18 98 70 48 1 61 44 94 19 70 62 35 81 17 13 36 40 22 25 0 97 
60 32 49 55 30 77 7 27 62 66 76 84 69 72 39 87 11 5 75 32 29 74 20 12 46 32 89 72 29 32 13 19 90 37 88 74 83 57 2 89 52 70 41 51 38 90 2 29 37 10 92 98 86 82 28 89 48 25 6 63 12 48 66 64 96 84 63 67 41 90 24 54 94 65 60 49 33 44 27 6 34 15 24 47 83 86 72 83 72 71 28 9 70 12 61 72 12 94 21 53 
35 15 32 78 50 40 74 91 3 93 25 13 56 25 52 85 69 99 50 57 31 30 0 2 76 20 65 42 92 3 97 84 41 20 65 44 80 6 48 83 61 82 89 52 44 27 97 61 99 82 11 16 6 71 36 35 63 75 95 86 88 33 29 75 28 48 89 83 87 53 13 24 7 33 32 93 37 5 73 98 42 93 10 78 34 25 73 28 2 86 85 54 10 40 95 89 36 21 62 96 
36 97 76 41 43 64 58 2 33 57 32 18 33 66 92 92 41 89 71 47 9 42 85 40 90 98 96 94 9 76 27 81 62 37 52 47 51 80 37 6 70 1 74 47 8 36 97 56 39 45 82 4 86 22 57 55 33 46 4 42 22 99 47 82 5 81 72 24 74 85 75 63 49 20 8 69 93 53 80 31 15 24 2 49 95 11 79 82 37 85 17 31 26 2 71 91 98 77 16 80 
17 85 18 28 74 52 71 53 19 56 93 33 67 95 41 46 70 6 50 96 51 67 84 24 80 51 31 68 95 33 42 47 62 1 40 37 99 18 29 91 78 34 79 12 17 15 77 24 69 5 75 5 99 62 70 90 0 63 31 57 73 12 40 43 14 22 42 68 4 75 87 79 94 70 18 31 5 46 32 6 41 91 8 30 41 43 74 20 17 99 23 30 77 77 70 59 15 48 62 40 
87 37 10 34 52 14 67 7 25 6 19 60 21 11 90 39 39 90 90 28 62 22 90 27 66 16 3 72 36 60 39 55 80 27 22 16 1 19 20 59 31 23 3 11 31 17 23 0 70 29 86 81 36 31 98 46 18 69 17 13 56 23 55 38 3 21 64 29 55 60 3 88 28 46 93 50 94 32 50 78 89 47 6 58 89 20 29 69 69 7 79 16 31 26 71 87 8 70 15 28 
0 1 60 39 39 96 55 96 12 20 31 0 98 53 51 70 34 85 43 76 22 4 88 16 23 88 0 45 63 12 84 18 6 14 31 35 19 34 40 60 92 21 41 43 69 19 89 24 44 49 33 32 77 59 69 37 21 6 29 19 56 51 79 93 18 2 80 55 52 78 39 35 78 26 42 5 35 96 36 89 36 58 29 77 85 8 75 88 89 12 12 82 30 62 23 25 47 28 2 62 
18 63 66 99 65 38 33 77 2 81 94 38 43 22 76 84 7 40 50 80 2 97 43 50 65 23 91 53 32 83 11 55 18 95 34 87 46 76 10 38 10 39 27 39 71 20 45 5 70 83 28 96 59 19 51 49 23 19 84 62 85 42 9 46 99 87 4 57 8 38 34 77 28 60 58 20 9 78 61 50 57 92 26 78 26 98 55 21 75 0 9 29 34 89 83 59 30 54 53 42 
52 43 19 95 2 80 19 82 68 4 63 43 67 53 34 3 92 99 67 58 46 81 99 23 38 70 43 99 16 35 53 41 89 9 39 78 58 2 26 77 5 18 66 63 75 36 94 77 70 44 7 98 33 27 78 27 57 36 68 57 54 75 23 84 91 7 2 68 59 98 4 73 75 36 64 42 91 19 22 12 83 64 78 72 83 74 0 1 12 75 87 0 87 45 27 74 29 48 26 96 
95 98 22 26 93 68 19 11 39 67 66 29 84 55 53 72 74 47 74 88 75 52 24 4 72 34 17 38 44 15 48 50 10 24 23 56 20 97 24 63 77 39 12 47 74 58 51 98 57 2 38 84 70 6 87 44 19 59 17 44 22 66 62 90 42 4 2 90 22 20 70 26 51 76 49 12 74 48 47 60 83 22 5 58 65 40 94 28 57 18 25 29 13 40 67 53 16 36 92 0 
77 44 60 73 28 75 26 9 85 3 1 55 84 91 41 85 36 42 5 65 59 43 0 77 53 90 38 76 40 51 62 0 70 47 61 13 9 11 61 47 21 21 34 86 68 56 77 82 54 27 46 40 49 18 92 78 3 25 49 16 52 0 32 29 16 5 0 22 1 65 6 59 94 2 99 13 42 32 0 64 21 82 68 76 45 67 84 16 14 74 37 68 52 6 14 20 93 61 60 34 
78 61 31 45 48 62 10 70 83 19 51 36 46 9 87 64 1 32 54 30 48 93 27 25 91 59 35 91 94 40 49 51 29 35 13 91 15 24 47 53 45 37 8 67 82 88 12 85 75 29 43 3 56 0 29 46 18 7 64 33 34 33 64 91 44 29 93 45 11 5 51 67 39 47 53 54 5 85 58 62 49 41 75 45 36 31 6 8 24 0 92 16 42 71 30 7 76 74 87 42 
26 62 71 29 81 77 36 75 99 82 80 60 90 12 10 4 27 20 40 97 83 47 24 1 20 4 77 61 3 48 27 2 70 56 76 35 32 30 8 31 19 81 55 67 19 77 19 4 54 55 66 42 25 58 8 14 28 27 42 94 61 12 3 25 29 92 71 49 60 33 48 48 96 64 22 4 34 20 38 98 78 67 78 1 76 58 82 5 86 73 79 95 98 54 13 8 96 96 95 64 
31 48 81 48 74 27 51 23 90 38 30 50 73 52 95 92 39 44 97 39 66 80 92 19 81 89 55 90 37 48 11 63 32 74 52 52 83 88 36 10 16 33 43 99 69 17 40 82 39 2 73 15 40 84 63 98 45 51 58 73 50 60 74 16 51 9 77 33 32 50 11 26 83 49 80 20 16 25 75 55 64 54 93 63 4 72 13 28 28 89 51 95 42 9 66 95 33 23 89 4 
51 13 28 64 70 17 15 92 84 26 69 84 22 34 98 57 19 18 63 8 40 6 41 16 51 80 15 27 24 53 4 25 84 27 30 80 12 78 36 30 37 12 27 47 5 26 15 36 99 99 50 0 70 67 26 46 12 72 49 95 72 15 25 90 19 5 73 84 37 49 6 30 5 10 74 61 78 37 81 31 21 22 47 89 15 51 38 39 36 51 58 9 89 44 79 75 65 99 60 48 
79 48 32 62 41 32 77 89 92 93 61 76 22 90 15 10 89 13 50 43 92 44 68 40 18 36 6 58 39 63 39 2 35 3 46 82 73 11 63 58 42 65 11 29 25 10 21 45 31 94 46 19 6 17 38 3 22 81 96 37 6 38 11 35 36 71 10 58 72 86 2 91 62 59 34 32 95 19 9 0 89 32 61 68 65 96 48 44 64 73 3 43 31 56 22 38 79 62 12 26 
38 48 14 1 48 82 83 54 40 54 71 25 14 43 19 55 48 95 49 93 22 5 53 19 75 60 70 1 25 63 18 5 27 81 1 29 54 81 95 4 31 20 54 38 19 80 25 8 90 32 19 20 96 84 6 65 9 91 60 47 83 20 64 60 73 51 6 18 24 46 48 72 49 73 93 40 51 85 93 74 42 60 48 2 37 56 64 43 92 75 40 65 28 58 0 89 62 94 31 84 
49 54 68 26 17 49 69 0 17 19 96 15 61 69 58 14 45 72 70 30 4 49 99 22 60 38 2 67 15 9 94 36 95 9 10 57 72 39 7 91 8 76 87 26 36 31 62 73 27 27 75 4 90 22 61 18 47 32 94 88 98 12 38 22 20 6 86 46 10 79 34 41 95 67 83 71 78 46 73 85 22 93 6 90 12 87 18 31 53 55 57 22 66 55 93 36 35 76 25 9 
87 35 81 71 16 76 8 60 71 17 59 83 87 40 30 1 2 75 54 71 28 95 97 15 22 84 87 80 80 91 21 80 81 60 6 10 78 76 65 96 24 25 0 42 25 95 25 74 35 46 65 81 17 71 0 74 51 92 56 88 67 83 63 3 44 44 61 57 86 13 51 16 90 59 95 31 83 11 25 96 20 83 70 61 73 96 66 80 24 7 38 38 5 71 16 4 13 71 32 40 
10 35 52 37 6 0 86 70 40 26 61 97 22 58 52 12 39 43 14 72 28 69 63 59 32 64 20 20 82 48 81 1 60 67 77 99 65 73 59 36 69 38 61 31 41 30 93 98 76 32 57 64 4 55 69 8 91 80 8 48 95 27 61 98 43 96 66 75 49 35 73 60 45 68 8 7 46 96 64 98 76 59 6 66 68 25 48 5 30 50 42 93 96 49 87 19 45 11 69 10 
30 31 72 75 14 92 83 2 79 43 2 83 44 2 23 55 99 35 26 26 35 2 56 1 59 55 58 60 84 68 26 64 61 48 9 33 97 15 43 41 13 15 86 78 89 81 74 92 44 28 19 50 48 21 85 45 11 74 87 72 51 95 99 14 31 1 3 18 68 46 55 4 3 68 83 70 47 12 56 94 20 42 99 78 4 74 19 82 9 16 91 78 3 89 69 51 31 65 57 51 
72 77 3 18 10 56 73 44 78 88 68 89 84 35 3 8 11 71 45 31 77 60 26 79 41 56 11 14 4 42 35 87 87 64 52 43 39 84 12 74 35 16 27 47 79 43 91 12 45 67 28 31 66 84 82 85 40 17 83 4 5 28 34 30 72 28 60 67 78 9 10 83 47 23 68 44 26 73 16 91 53 41 35 91 61 79 47 26 14 29 28 59 50 19 35 60 35 53 62 36 
98 99 29 96 79 29 4 66 72 77 1 0 91 10 51 29 66 50 9 43 25 0 17 39 56 2 6 97 8 55 59 64 16 25 14 66 98 72 84 57 28 2 66 36 12 38 27 52 21 73 51 26 57 68 62 34 89 29 41 82 61 28 26 88 10 35 0 66 12 51 13 69 26 58 68 72 12 75 33 90 77 9 40 39 62 31 79 30 50 25 32 53 98 86 95 27 55 2 15 51 
83 5 34 72 27 8 96 55 45 30 19 13 97 21 8 42 59 57 87 82 80 74 7 26 24 45 17 21 77 31 18 80 25 75 71 28 4 83 84 68 18 3 75 54 70 89 63 18 10 1 55 37 84 22 83 81 55 41 61 82 85 72 44 89 36 41 72 2 3 28 67 92 46 53 33 42 63 71 58 67 3 90 90 35 69 84 25 60 14 82 5 70 91 81 54 48 60 36 82 48 
87 41 13 87 18 79 97 97 43 42 78 59 32 92 19 71 78 22 65 23 34 11 55 25 38 1 62 6 56 13 92 34 48 13 22 1 42 41 73 49 85 80 62 46 85 47 96 99 94 62 53 74 79 98 33 68 1 70 86 34 79 1 67 24 66 30 5 71 23 41 68 79 61 33 69 71 53 76 26 33 90 15 72 31 8 4 85 98 84 46 3 54 42 28 82 12 29 67 19 50 
75 56 90 59 90 32 74 1 68 37 95 74 34 30 91 84 39 79 0 59 95 88 81 90 23 3 34 98 22 25 65 32 2 37 53 97 92 22 78 27 44 23 12 98 55 1 33 77 49 90 15 3 24 86 41 56 48 16 5 48 90 33 86 11 28 90 92 4 22 22 7 53 62 21 37 80 70 3 75 44 71 99 31 83 49 20 36 17 96 17 59 12 62 37 85 93 19 23 52 7 
64 10 6 2 17 39 69 57 71 21 28 65 62 2 99 20 42 67 10 2 44 56 44 97 60 76 36 41 33 17 5 47 19 47 39 61 94 49 82 58 68 36 27 7 72 45 13 29 59 66 82 83 96 68 83 25 61 60 90 53 43 45 92 40 55 54 85 15 74 16 61 60 3 15 87 60 19 90 32 67 41 77 63 64 79 46 74 67 27 74 3 1 92 86 26 64 26 51 90 78 
48 14 83 3 16 28 64 94 73 81 85 71 43 5 42 6 12 16 55 57 48 95 67 22 21 91 53 21 89 33 62 25 12 21 12 95 67 78 31 26 55 10 85 60 10 10 85 50 29 21 53 58 58 59 40 93 7 8 86 23 14 72 20 1 97 47 42 75 46 41 23 86 41 27 68 80 35 86 27 61 13 27 18 55 40 54 86 98 40 58 28 94 43 76 19 46 50 87 79 88 
94 87 87 59 63 39 60 12 66 77 77 70 49 51 56 0 86 83 25 5 65 32 30 33 84 35 86 93 15 17 88 75 57 0 53 70 53 48 99 33 95 50 73 70 92 13 56 55 98 95 64 22 73 54 7 60 7 37 6 73 46 79 78 68 94 81 33 29 78 83 22 40 6 61 88 62 73 41 81 33 76 38 69 20 50 37 51 53 59 73 50 86 33 79 88 94 78 78 0 99 
54 27 66 66 95 24 79 25 89 79 21 46 57 51 75 12 91 87 23 86 45 68 73 89 2 96 93 26 19 12 33 76 67 34 22 13 83 96 79 24 5 8 15 52 65 80 40 22 25 2 81 18 49 73 51 62 18 6 58 19 75 21 60 27 4 36 97 1 69 79 24 29 65 79 99 98 2 94 66 52 55 7 43 51 36 38 24 7 55 16 89 81 37 57 49 74 50 9 95 10 
95 95 68 13 93 30 48 77 90 89 48 97 2 43 19 80 2 37 30 46 84 9 43 69 24 25 79 22 81 30 72 18 37 49 6 94 75 26 93 3 58 42 3 70 83 36 62 33 10 19 29 62 69 74 35 85 59 83 96 99 58 38 42 21 54 24 6 40 74 43 97 55 7 22 97 87 61 76 50 59 42 92 21 76 4 8 99 61 55 15 9 7 80 77 85 91 23 28 20 95 
76 77 67 86 78 26 56 9 22 71 26 39 97 97 23 94 47 31 66 89 19 83 54 15 82 39 0 61 97 20 54 76 42 69 25 5 26 23 33 12 29 76 30 31 0 53 70 9 89 73 88 62 20 51 27 21 16 90 40 78 77 99 65 15 38 20 72 46 19 45 61 7 17 28 22 1 94 2 61 65 59 31 71 75 26 40 39 69 48 17 8 74 72 13 47 37 19 41 49 32 
88 68 76 88 39 47 77 53 3 38 48 60 48 57 17 78 65 85 87 18 32 77 91 62 48 96 80 63 9 31 13 36 7 24 95 25 12 40 37 50 55 34 7 68 22 47 60 18 4 66 37 31 49 5 26 76 53 73 11 29 93 73 11 25 38 71 86 77 27 26 41 91 64 59 57 13 68 8 81 47 28 48 73 53 12 10 85 52 17 29 52 29 32 52 74 85 22 68 63 0 
5 80 15 44 97 10 19 74 80 68 30 56 39 0 2 29 14 1 47 65 70 45 19 92 51 54 67 86 39 61 90 0 4 37 47 47 81 59 17 0 64 1 16 42 25 0 97 75 54 57 18 22 50 52 37 35 58 37 76 86 86 21 39 89 61 98 52 83 6 21 92 49 44 30 69 74 7 90 43 92 79 40 16 37 11 70 14 7 9 83 9 85 4 64 59 8 3 73 23 94 
68 91 87 45 39 26 37 17 90 44 42 40 52 17 24 15 31 79 56 14 4 47 3 86 50 95 35 42 54 68 74 23 41 75 79 48 81 29 12 81 99 7 17 26 12 1 81 43 32 23 59 99 67 28 49 46 39 86 55 79 63 6 57 19 72 53 14 76 85 65 67 34 17 14 38 45 73 98 57 72 13 18 82 13 51 54 41 28 13 36 87 57 36 96 25 28 46 18 92 47 
61 66 42 65 89 11 38 42 75 73 58 43 99 84 44 39 85 12 53 87 83 23 66 48 3 46 74 18 3 69 39 5 14 56 99 14 93 55 3 4 29 72 41 81 98 44 59 13 71 45 64 56 48 20 20 14 76 57 81 17 41 68 16 78 55 62 86 81 82 90 79 56 42 28 4 55 59 50 10 67 3 89 99 76 77 88 22 63 10 40 88 64 24 75 43 51 23 88 16 9 
82 1 46 73 59 74 13 47 6 23 69 0 68 20 57 33 78 48 2 32 91 64 50 94 39 57 44 53 51 52 54 0 71 61 26 90 5 74 19 63 37 70 30 98 1 42 88 93 95 85 52 39 83 16 33 64 52 9 10 16 62 20 52 63 71 22 28 85 27 65 85 35 16 72 4 42 50 17 79 2 81 27 38 73 18 77 72 93 9 18 9 32 27 66 82 10 97 76 53 52 
92 28 46 4 43 73 87 64 7 22 50 8 73 34 38 50 20 46 4 26 76 51 57 79 97 57 37 47 2 88 20 74 69 11 26 24 89 18 95 63 54 41 38 5 22 84 85 35 82 84 36 63 88 76 83 77 13 81 10 96 32 28 91 24 14 34 68 79 30 93 48 51 92 16 70 39 45 20 83 13 4 51 44 82 38 40 49 3 75 47 36 1 54 21 70 90 82 51 72 6 
12 1 90 54 28 15 89 98 94 37 7 42 69 20 83 7 77 9 65 36 18 10 72 54 81 82 71 81 23 37 84 54 5 80 80 15 21 9 87 12 7 12 23 74 99 57 7 97 79 34 47 61 80 65 86 39 28 75 96 2 64 32 74 36 59 65 24 30 49 75 77 80 17 9 8 14 74 48 79 54 58 49 51 91 80 36 33 15 76 21 91 61 85 65 97 7 92 42 41 95 
53 30 0 93 25 64 1 33 86 3 71 43 19 58 71 33 37 67 13 17 75 55 7 63 40 33 28 26 13 60 89 65 10 15 93 14 66 96 63 22 29 66 31 10 28 34 68 96 32 6 48 97 94 91 57 12 69 48 22 97 33 20 83 36 83 92 14 49 34 70 54 30 13 27 41 90 8 79 30 58 57 49 43 85 39 21 90 20 82 44 25 49 97 29 96 93 94 81 42 67 
74 31 92 72 51 1 55 14 83 31 34 88 20 70 88 99 30 31 34 1 24 66 57 31 75 23 91 42 82 77 53 85 7 59 71 31 67 26 29 69 24 17 57 79 75 13 85 13 18 38 84 89 18 29 25 3 43 69 84 91 56 41 55 87 30 16 47 18 73 13 98 52 41 94 21 38 90 72 37 72 36 85 45 49 3 22 34 47 0 2 78 3 75 67 34 83 79 6 24 95 
73 33 96 84 73 21 82 73 0 21 83 10 24 38 76 29 55 57 47 51 83 76 50 74 93 89 3 38 20 29 15 97 72 74 52 92 98 1 70 3 75 92 96 59 11 16 98 49 72 94 0 13 6 51 94 44 99 1 70 63 0 60 96 72 84 46 4 88 77 91 94 46 75 88 59 80 34 61 2 51 52 75 60 71 3 66 54 42 11 76 85 85 48 1 83 41 2 96 80 57 
86 32 35 23 56 72 7 12 7 58 18 30 15 40 97 82 20 77 40 57 51 89 38 65 19 87 74 14 95 37 51 81 86 30 62 27 68 75 22 55 16 83 12 32 52 57 94 79 0 11 97 79 8 76 98 76 26 57 8 51 11 16 98 90 56 64 92 23 1 35 30 66 22 48 12 43 11 33 58 59 29 72 70 26 46 70 76 37 11 32 88 52 38 8 13 15 94 67 34 35 
58 8 46 88 83 34 0 23 75 39 3 34 45 62 99 11 60 96 70 16 58 29 40 49 89 60 47 94 1 76 59 62 12 77 96 35 48 16 70 61 59 55 20 51 59 26 68 41 51 62 64 5 66 6 40 99 92 57 57 38 89 38 57 41 49 60 4 31 91 11 8 82 70 65 53 47 72 3 16 90 99 35 19 78 7 94 5 16 21 54 37 68 38 91 67 23 35 73 77 70 
94 52 45 26 54 92 33 5 35 29 82 20 15 29 98 82 67 43 7 35 1 56 92 9 63 82 94 19 49 59 51 39 27 36 3 99 51 42 70 24 93 82 61 53 54 9 5 77 34 19 88 45 27 36 42 34 18 27 74 94 45 87 4 83 81 28 26 61 61 54 61 91 8 64 51 64 62 46 67 58 89 17 60 20 28 30 66 74 44 61 0 91 28 34 23 47 30 79 96 17 
77 70 20 22 86 11 61 2 96 41 80 84 5 53 67 82 69 92 49 6 49 74 24 56 64 92 85 7 91 96 31 55 83 94 13 19 23 25 74 20 78 35 40 10 55 42 89 90 96 8 38 71 26 60 29 91 96 27 73 20 48 18 11 14 98 16 55 49 40 85 46 33 8 31 1 14 13 92 45 83 33 31 90 25 46 4 40 34 97 33 68 52 32 57 55 73 43 81 41 68 
69 31 9 9 83 9 42 37 58 52 39 5 33 20 45 13 13 76 62 81 32 0 56 49 36 31 30 9 75 42 23 86 0 59 52 11 35 11 53 57 66 16 77 65 60 24 15 71 77 82 76 13 10 7 90 53 57 57 47 90 82 94 76 17 49 34 46 40 77 19 64 75 94 59 7 53 15 91 13 49 60 39 83 62 79 79 6 68 40 94 28 93 94 39 44 74 71 63 46 19 
12 73 6 71 73 49 16 49 78 74 76 32 15 6 73 90 77 56 61 85 48 87 29 78 24 34 2 52 14 82 36 73 40 0 60 87 72 24 63 12 7 92 17 78 54 19 85 8 77 78 46 49 91 71 27 46 35 48 86 84 91 83 99 5 53 17 0 70 39 50 77 5 86 17 85 65 8 5 44 87 46 49 70 42 12 31 41 6 95 4 80 56 22 99 72 68 42 68 40 77 
8 94 98 33 80 25 11 1 95 4 39 89 93 50 72 85 89 86 37 32 9 30 90 6 33 56 86 10 7 64 89 64 86 17 21 92 10 56 7 90 77 68 44 95 40 34 61 59 4 22 29 61 42 91 31 45 80 72 92 79 26 65 68 87 4 50 29 72 28 72 97 68 82 53 11 11 50 30 5 42 31 43 4 31 32 45 24 59 10 86 49 11 78 69 11 46 8 55 9 50 
