100
29 17 9 12 31 92 87 76 73 27 48 80 58 43 80 45 53 74 81 83 82 69 27 58 48 79 84 12 25 14 46 19 78 13 31 76 76 35 94 57 83 95 52 65 63 39 44 8 4 34 22 1 59 6 35 0 56 90 2 90 87 27 39 6 61 31 2 86 21 18 8 79 65 76 76 38 99 99 57 82 97 54 98 12 85 28 1 61 28 91 56 72 98 46 29 27 46 78 74 16 
26 4 55 98 54 43 70 18 92 77 97 0 37 40 74 70 4 31 91 98 71 8 10 15 95 75 0 88 7 1 37 33 50 57 46 39 50 16 78 14 79 18 17 20 35 9 97 71 11 40 36 79 80 46 82 84 54 92 60 0 86 73 56 82 72 76 55 47 7 97 58 51 35 36 61 44 49 35 13 24 92 46 61 86 40 58 69 63 10 53 87 22 66 42 27 16 19 71 61 1 
93 51 25 20 13 58 74 89 90 23 1 89 6 53 69 20 18 30 38 83 27 56 74 97 28 86 63 55 39 89 67 76 86 32 12 28 9 44 82 52 13 45 66 98 60 19 54 16 5 16 16 60 82 61 49 79 4 90 76 81 81 68 47 27 86 73 40 80 41 91 58 4 47 38 87 16 71 7 74 74 30 66 32 97 91 15 10 65 65 37 26 25 42 67 71 80 40 76 49 49 
65 95 35 37 67 57 31 90 72 94 50 97 26 66 50 20 31 42 27 70 57 87 67 15 86 82 36 30 56 42 15 21 30 64 95 52 67 94 69 73 70 48 87 25 79 2 34 93 39 73 44 92 69 97 47 97 30 76 28 64 73 1 42 23 4 20 74 64 50 33 36 67 80 35 49 67 18 82 67 93 55 24 30 77 5 30 45 59 45 90 98 69 31 28 10 74 39 98 42 3 
38 41 35 65 99 74 66 17 48 47 18 75 23 32 53 65 72 78 58 39 52 58 62 19 20 72 92 1 24 33 20 20 56 52 47 76 9 21 10 85 58 73 56 70 11 10 5 76 82 79 23 32 90 60 45 86 55 58 38 97 35 33 90 53 89 5 40 2 90 34 60 43 32 80 33 73 36 8 68 3 97 26 98 19 43 28 74 19 76 81 80 77 65 48 2 46 64 37 53 56 
62 0 60 47 23 50 39 20 17 41 24 71 60 55 70 62 48 21 34 48 48 60 78 43 5 18 24 70 3 50 89 5 27 49 46 70 0 86 68 77 18 55 41 27 2 69 94 80 5 35 83 51 93 13 19 86 41 80 70 27 41 16 76 9 82 85 55 48 26 9 55 87 41 32 31 36 60 60 6 22 66 6 48 69 20 23 78 76 31 82 20 35 76 21 16 70 54 56 35 28 
56 34 63 5 71 8 59 28 42 17 44 94 20 53 28 62 85 23 11 46 69 78 2 67 7 56 75 6 4 2 44 22 13 82 74 11 88 27 0 39 30 15 49 5 32 91 24 59 58 66 26 32 19 9 54 32 96 95 69 55 8 30 11 74 87 7 70 80 51 13 89 95 93 87 42 67 89 88 91 74 7 44 73 70 17 34 81 96 23 40 25 69 58 19 23 80 27 59 0 28 
66 75 96 26 54 38 26 46 20 34 11 26 90 90 19 59 85 37 6 54 81 92 3 92 8 18 44 57 86 76 70 95 70 41 47 40 91 36 24 21 59 52 88 90 13 84 2 42 63 52 31 90 26 69 8 34 35 75 52 2 33 52 17 60 78 42 5 85 11 37 49 91 62 60 32 35 0 53 82 49 77 74 75 70 70 58 32 56 68 65 34 70 88 3 88 86 47 52 24 9 
83 66 21 65 94 94 31 14 87 45 73 44 44 94 24 67 76 78 59 39 74 33 97 80 16 63 8 61 8 26 64 95 31 37 69 96 13 52 29 50 9 91 25 74 12 70 98 16 43 71 86 55 49 14 43 79 30 73 27 41 52 68 32 31 42 87 22 81 53 5 60 0 59 98 74 78 54 29 82 14 67 6 96 17 82 98 12 86 77 10 76 29 86 21 75 45 90 84 38 88 
77 68 90 12 90 70 62 1 14 69 10 31 66 87 22 81 66 40 55 75 27 64 97 90 88 52 25 51 3 0 65 28 31 40 25 84 61 93 66 73 42 57 61 11 98 46 45 99 47 66 56 76 4 32 5 29 83 19 46 64 46 59 37 71 51 8 93 80 5 19 70 62 86 53 12 28 28 54 99 1 68 13 97 62 58 17 34 85 60 5 55 36 73 52 68 78 66 1 85 70 
49 75 18 7 50 55 50 93 34 52 3 43 74 37 60 6 98 96 93 98 68 52 49 45 95 90 80 71 77 17 71 98 56 89 50 44 46 40 94 83 87 91 6 73 27 73 65 72 70 22 5 42 14 51 23 53 7 77 11 48 44 40 49 82 78 43 22 87 71 1 72 57 51 44 89 4 18 95 9 38 34 71 70 97 96 39 58 99 83 76 39 9 77 76 34 26 99 76 55 62 
77 23 50 96 17 9 5 66 75 21 61 29 97 82 32 8 99 96 6 35 69 33 15 8 46 52 82 73 40 84 52 85 77 53 29 11 84 72 0 95 67 58 81 80 87 97 62 43 67 26 36 95 86 24 5 85 19 73 27 26 70 57 10 75 0 26 92 61 46 69 57 23 1 80 1 46 34 56 8 73 34 49 26 60 0 75 87 85 46 69 24 71 72 54 60 93 31 76 57 81 
70 66 6 98 17 4 36 3 55 92 88 13 33 81 30 52 71 9 70 34 76 84 66 72 48 89 54 60 44 82 57 26 4 10 43 17 87 35 40 27 28 77 22 22 79 44 42 69 58 25 76 25 96 69 24 77 16 34 43 9 16 63 76 9 64 88 80 56 77 17 78 5 0 38 0 22 53 27 70 16 26 75 21 87 61 4 50 39 50 98 24 19 58 60 39 63 33 25 26 5 
17 31 72 22 47 76 92 54 99 84 42 4 42 34 94 7 53 82 61 99 76 85 76 24 5 65 59 27 3 21 52 60 20 83 47 42 15 97 18 70 33 75 57 46 67 10 48 29 14 2 0 89 76 58 59 70 15 37 51 38 50 41 19 19 36 99 70 55 27 92 45 79 11 89 51 84 28 52 49 85 45 77 76 13 49 90 20 10 89 98 79 93 13 7 18 3 80 83 16 12 
2 63 75 59 77 56 44 16 47 23 19 33 58 60 12 43 78 42 84 21 10 70 78 64 14 43 66 37 44 51 25 76 53 60 71 51 10 88 60 67 93 61 91 36 52 44 35 33 90 30 27 95 54 78 88 42 12 93 57 90 69 91 7 49 69 63 12 86 94 85 14 16 86 81 90 57 10 68 24 20 48 42 94 31 97 22 48 41 99 30 97 54 88 30 92 11 85 5 86 19 
4 98 84 39 65 26 61 74 54 67 58 91 35 27 84 60 93 93 1 13 57 33 71 73 16 28 22 22 67 35 1 92 6 75 21 78 80 1 70 34 66 65 34 2 41 5 84 88 86 2 5 89 43 41 17 56 90 76 60 25 19 96 31 50 1 28 84 95 61 97 16 14 26 82 25 40 42 53 26 95 8 37 46 24 73 89 26 0 99 90 43 21 72 63 30 29 87 82 54 92 
31 22 37 9 57 65 35 90 65 57 16 85 8 88 78 42 14 71 87 44 84 97 99 78 44 11 25 16 68 96 37 59 55 7 63 90 12 67 26 28 85 84 40 96 5 6 34 98 96 83 60 58 13 88 75 63 59 74 99 59 14 0 31 90 8 90 0 93 30 57 1 69 71 12 66 28 37 33 30 99 2 59 93 19 37 32 1 50 49 96 86 47 56 95 9 29 39 65 96 60 
13 23 98 88 40 62 12 53 94 58 98 66 79 73 16 60 78 96 9 23 20 79 98 52 84 48 2 23 46 9 30 96 5 36 29 67 96 86 82 39 1 0 55 38 72 20 21 14 60 97 61 91 15 3 67 16 35 77 92 95 18 70 83 71 86 85 37 8 5 3 7 94 36 36 90 97 99 0 56 78 92 94 92 34 67 71 9 68 40 78 87 42 48 73 66 99 67 92 97 58 
68 90 98 74 66 72 33 44 9 37 20 90 83 48 13 48 39 10 0 79 41 75 69 7 40 59 34 53 36 49 11 82 87 39 28 9 73 96 8 73 53 13 86 8 19 23 6 32 49 36 93 99 33 61 56 94 23 0 78 35 17 32 15 68 40 93 1 4 41 28 3 58 85 39 18 65 32 58 13 63 34 43 2 73 64 44 79 46 64 80 12 69 42 96 9 65 68 82 7 17 
61 91 15 5 26 13 83 87 13 38 94 17 64 37 7 95 68 60 79 67 56 48 67 69 18 55 63 31 24 50 28 3 35 36 86 72 41 85 55 93 62 41 74 4 46 86 52 26 57 54 71 37 98 72 30 30 15 22 49 43 85 73 71 78 14 24 63 97 36 67 36 11 73 96 11 69 21 87 94 20 53 46 58 30 65 13 50 8 61 50 96 73 66 61 81 73 78 3 14 34 
82 37 75 9 2 13 83 19 99 62 14 67 6 32 4 57 18 24 40 82 96 45 33 82 97 17 84 55 7 15 6 55 19 69 68 54 50 96 21 72 27 82 78 5 29 53 97 63 91 76 40 24 86 78 3 78 92 93 1 60 23 21 74 37 21 77 0 3 25 46 33 62 88 0 58 24 25 54 82 69 9 64 99 48 1 57 22 16 79 3 28 70 73 9 69 10 76 40 45 55 
86 85 36 22 69 56 5 7 3 37 98 3 25 53 35 21 73 33 60 28 84 83 62 19 58 42 55 82 92 55 48 0 35 34 92 30 98 18 56 82 46 75 74 86 97 46 70 18 84 53 66 58 1 80 66 23 92 19 8 37 51 2 87 78 24 52 19 10 39 29 57 22 3 72 3 20 97 27 94 8 41 12 75 33 65 23 20 28 91 39 61 0 82 95 37 47 68 91 82 61 
92 25 34 39 53 72 38 26 4 48 77 20 7 92 92 92 41 0 23 54 18 95 3 80 95 49 76 69 37 76 18 18 86 87 10 89 24 41 58 87 3 77 10 67 11 29 64 41 69 63 26 13 89 77 28 53 54 15 81 16 77 26 96 43 0 97 11 28 17 48 22 29 37 97 78 63 10 49 9 23 51 39 35 14 25 50 69 28 27 24 90 64 30 10 10 53 10 27 12 50 
56 36 35 83 41 71 0 35 53 25 83 76 75 91 97 24 46 31 77 96 74 54 4 8 87 73 64 67 57 78 53 59 67 33 5 66 98 10 62 63 4 75 90 12 53 53 97 10 55 12 25 43 51 29 24 18 81 53 36 70 9 0 40 75 5 7 18 6 8 87 33 16 51 38 88 81 36 7 43 23 22 31 84 14 78 80 12 77 67 3 28 4 65 92 46 8 49 12 82 30 
81 75 59 8 72 81 47 68 1 24 79 19 25 13 10 23 58 88 54 96 12 78 67 76 58 19 34 17 21 70 30 27 43 10 17 76 35 41 53 74 19 53 83 16 57 93 83 80 40 75 96 39 58 90 50 78 62 26 58 55 32 55 20 41 78 22 20 63 94 45 22 18 59 83 39 33 90 87 28 75 49 86 11 52 54 54 22 62 16 51 87 27 76 39 46 16 65 18 55 86 
68 38 12 76 49 36 15 65 81 0 24 27 22 69 68 39 95 83 82 88 90 72 43 48 46 55 17 63 80 17 40 41 86 47 35 3 63 82 17 34 31 90 25 89 90 10 67 19 75 73 6 39 56 28 55 40 4 36 36 91 35 9 4 7 99 45 61 26 9 94 21 51 65 11 16 79 7 6 69 46 98 25 27 80 58 52 9 9 95 79 26 68 99 96 40 89 85 2 19 52 
57 61 12 44 42 24 34 53 18 54 43 2 11 44 39 59 4 67 42 29 87 4 97 7 58 78 9 33 37 2 77 25 34 51 57 13 37 70 75 5 42 91 16 24 6 34 93 70 4 56 5 10 88 32 61 53 21 7 22 47 63 16 93 35 11 15 14 62 9 69 32 25 20 47 17 26 28 40 33 75 19 13 19 87 22 98 32 12 8 50 58 61 71 12 77 50 81 82 43 80 
78 72 6 18 48 96 45 45 59 21 49 36 39 35 40 0 50 33 9 75 72 16 80 85 71 27 34 8 34 60 63 97 85 22 85 56 72 26 34 92 75 82 88 35 86 1 55 15 80 40 39 75 69 65 17 64 81 54 89 96 36 77 47 36 34 96 25 38 77 53 64 39 16 19 34 81 64 13 55 42 78 15 14 1 8 38 24 71 22 98 58 26 42 38 41 39 23 27 12 81 
35 45 48 52 59 26 82 91 96 26 62 61 24 75 22 60 80 69 74 51 75 2 34 87 27 20 83 79 74 47 15 58 65 77 52 77 58 37 78 23 90 99 29 84 84 52 42 48 41 0 5 72 9 57 86 97 76 5 74 60 24 14 26 75 39 12 56 61 47 5 50 14 50 35 61 87 12 52 68 58 58 4 8 33 35 40 93 16 26 72 0 24 64 55 8 92 89 34 66 4 
5 39 51 46 60 16 29 76 69 26 50 97 18 40 98 38 40 58 85 20 22 61 81 96 74 80 92 67 12 47 55 18 15 39 80 2 52 57 53 35 28 3 97 35 33 24 20 36 70 40 90 56 57 27 19 38 83 71 68 94 94 42 13 54 57 86 40 90 60 8 85 78 45 52 13 19 18 73 92 67 25 98 49 63 10 41 22 15 25 85 67 97 66 16 2 61 90 45 3 0 
32 61 65 26 45 81 15 49 1 45 1 36 69 34 90 38 32 80 29 40 17 38 3 19 56 13 74 53 30 19 27 46 10 9 85 65 26 92 94 38 27 12 52 48 6 59 77 96 85 78 10 29 2 66 84 51 8 64 81 99 32 76 65 49 82 76 27 29 79 82 4 27 48 76 56 21 35 2 23 6 82 98 92 95 27 88 62 95 11 44 0 60 16 39 65 44 79 61 75 96 
85 86 3 10 5 87 72 92 62 27 28 27 71 32 49 0 16 34 20 38 3 83 25 16 59 66 71 95 87 92 59 23 31 99 58 81 15 89 39 31 52 86 43 18 65 19 56 52 4 95 40 28 40 99 26 30 28 55 53 54 88 43 67 36 98 91 7 46 89 78 76 98 80 79 31 52 6 16 94 50 87 83 12 45 74 21 36 58 77 2 23 79 54 60 3 93 3 36 5 21 
9 86 65 13 87 54 75 44 33 30 66 31 4 89 53 94 8 7 77 68 41 79 8 97 80 35 56 20 86 22 23 54 1 56 87 47 51 96 1 5 73 80 59 94 9 89 37 15 58 20 0 77 45 62 18 80 12 77 60 73 40 57 58 19 48 65 11 51 67 7 85 34 0 73 83 86 61 4 68 40 14 68 0 86 85 9 85 20 7 51 92 17 85 25 96 74 22 88 14 94 
19 74 99 43 40 48 35 86 38 79 28 96 0 25 10 18 75 87 87 80 28 12 97 88 14 21 25 46 2 92 43 94 55 92 63 74 4 59 41 88 67 51 78 21 20 45 29 81 25 31 49 32 95 58 90 45 59 53 97 70 93 33 59 10 92 24 50 47 99 87 56 99 32 53 32 98 43 99 98 86 3 83 71 3 40 13 74 63 69 87 45 78 69 91 39 9 92 51 75 39 
97 63 68 82 48 91 60 33 51 1 6 36 55 66 95 50 9 16 45 68 21 38 81 14 0 75 78 8 4 68 84 43 37 24 11 79 3 17 92 22 99 50 13 62 86 68 2 16 24 25 84 71 73 25 23 10 96 51 19 79 97 80 64 42 41 27 23 13 90 65 37 40 36 96 9 17 79 57 97 83 18 16 60 89 20 20 82 91 55 78 19 71 96 42 32 84 88 44 81 3 
93 59 35 46 94 7 71 11 12 12 83 47 0 23 78 35 49 98 49 79 20 56 17 10 77 78 23 35 69 10 85 70 40 23 65 36 88 29 63 39 67 52 95 18 98 64 74 69 7 7 94 63 87 93 84 95 54 94 39 65 41 72 68 33 86 52 87 67 60 28 97 0 75 0 58 55 99 18 20 94 43 91 66 56 71 27 12 19 21 5 88 31 87 6 53 66 4 31 68 1 
76 59 55 28 53 59 46 33 44 46 44 97 74 19 20 33 0 37 74 35 56 72 37 88 97 30 51 90 60 71 33 28 0 40 36 5 21 46 83 91 73 21 53 5 24 45 32 42 91 10 61 23 45 93 9 12 10 63 49 80 97 83 51 66 12 26 44 56 71 21 39 67 70 17 50 45 79 77 57 76 71 43 4 60 1 60 18 42 9 60 12 7 85 73 31 64 56 74 59 40 
20 5 79 79 62 99 97 18 94 30 45 32 54 66 92 77 10 3 33 81 74 22 91 59 83 15 35 87 57 54 64 14 18 68 52 99 82 50 13 12 98 82 79 75 74 38 66 17 74 40 86 5 13 95 65 28 38 1 31 58 59 48 53 13 54 6 98 61 19 42 67 3 32 27 34 21 86 74 38 19 45 84 41 7 6 0 72 32 61 72 49 92 66 74 57 0 76 98 34 34 
59 67 42 39 62 2 56 98 12 30 23 25 19 20 33 50 41 75 20 39 30 98 88 13 74 74 78 48 75 6 23 52 26 99 97 86 80 18 85 20 78 8 46 57 77 33 25 16 16 54 6 93 77 6 42 26 25 81 95 45 7 76 16 87 11 99 34 55 56 78 92 23 94 89 96 65 18 39 37 71 20 66 67 70 87 25 56 97 54 44 25 57 55 82 74 94 80 54 86 74 
25 5 48 36 93 8 95 66 13 95 57 87 2 36 17 14 62 28 74 17 49 38 43 99 56 48 88 51 28 82 2 40 21 26 85 15 73 31 61 24 28 30 60 58 73 39 90 91 0 58 65 71 82 6 84 12 7 29 28 61 81 28 31 86 41 68 22 96 94 0 36 44 7 16 65 41 29 21 93 96 4 92 56 34 94 82 99 27 55 98 24 71 62 17 52 94 30 34 79 41 
7 56 53 17 30 34 7 11 50 29 46 63 13 19 71 18 36 37 10 2 73 99 46 54 95 3 10 22 17 20 2 66 65 31 61 71 74 68 85 17 10 74 39 0 90 96 11 86 70 7 4 19 1 99 13 67 40 48 42 40 21 81 52 13 38 6 52 24 68 40 43 9 4 68 10 84 97 68 85 24 7 69 12 12 69 66 63 1 89 67 81 35 68 80 41 29 91 7 93 87 
76 27 34 12 1 27 82 14 69 4 55 11 33 5 91 40 50 11 48 12 2 85 5 35 97 89 25 54 72 36 4 34 45 43 69 95 98 60 31 81 87 85 76 23 51 15 88 62 47 79 64 93 7 69 1 19 77 4 49 53 91 8 70 17 79 86 74 61 85 72 84 78 0 67 14 2 41 88 32 81 57 58 99 65 53 22 33 3 86 87 44 9 51 1 59 98 53 49 79 88 
56 21 66 78 48 5 58 81 69 96 68 45 54 26 13 17 29 14 68 1 62 12 77 82 80 75 25 22 15 65 68 1 73 97 59 9 9 94 67 33 6 47 28 63 23 75 62 40 43 29 88 76 12 36 50 78 29 92 0 5 35 66 9 86 96 59 6 86 10 50 91 22 11 30 22 38 67 55 14 85 9 0 84 86 9 60 22 25 48 96 94 28 90 42 29 19 23 5 58 7 
33 71 53 88 55 72 70 63 39 68 84 6 59 67 56 88 93 96 12 0 72 21 76 58 41 84 66 85 54 47 27 3 0 19 87 32 43 5 90 86 42 61 65 90 99 34 78 50 89 94 40 40 85 6 61 11 67 15 23 56 96 52 31 56 76 49 81 4 86 46 8 54 34 60 28 84 10 2 44 14 12 89 4 12 9 42 68 92 18 64 72 74 86 28 38 2 57 97 90 3 
72 68 94 94 69 63 60 28 18 80 98 11 78 68 74 19 69 38 52 79 95 14 84 53 50 62 68 55 38 67 47 10 78 83 33 3 9 36 12 47 75 63 39 93 46 42 99 65 53 11 14 19 83 16 96 10 29 18 47 98 24 38 98 56 3 94 81 93 20 12 77 44 99 75 78 92 18 30 38 24 54 12 35 5 67 75 44 3 86 42 56 19 18 47 89 50 93 35 72 87 
10 88 34 49 74 36 79 61 58 5 83 94 74 8 70 42 9 86 26 67 80 87 12 8 60 69 25 75 93 50 30 48 27 87 75 58 11 14 46 93 39 54 77 17 65 39 64 88 78 96 34 60 53 20 0 10 27 57 99 80 45 12 62 0 80 94 4 12 33 8 98 26 88 34 13 3 85 20 20 41 21 67 94 34 63 14 66 39 75 93 40 98 16 77 95 41 58 94 39 32 
75 16 38 99 81 5 93 98 26 50 46 90 52 61 68 99 92 89 23 48 37 25 61 44 51 13 38 6 91 35 61 8 1 87 42 80 41 14 33 42 5 86 11 86 60 67 59 30 76 89 5 3 79 49 28 1 99 80 84 18 44 70 64 17 71 63 80 23 36 76 67 1 69 30 4 50 37 53 26 97 32 77 31 25 76 35 31 63 22 5 97 27 33 39 6 60 49 4 90 0 
82 14 76 17 26 29 83 9 89 79 37 86 28 71 71 41 12 19 85 91 12 87 28 63 49 17 33 76 46 36 72 23 32 24 32 33 39 91 68 89 48 55 62 98 32 29 63 40 48 69 84 76 74 43 73 64 43 58 56 17 95 44 52 58 4 32 82 64 79 52 44 29 88 45 47 84 62 5 16 18 43 61 62 35 89 45 55 73 13 92 86 55 9 66 75 51 86 49 94 89 
75 68 12 78 65 89 52 3 56 91 5 7 59 39 44 36 66 1 50 7 7 70 93 72 94 85 58 42 0 70 13 15 67 61 53 37 65 19 33 59 7 31 41 83 59 90 16 56 27 53 86 92 49 61 54 66 69 28 74 9 21 10 9 73 83 20 20 24 75 56 58 44 23 94 39 35 55 51 63 5 3 20 90 45 82 99 28 72 19 2 70 72 35 93 99 97 76 78 15 35 
29 90 82 62 28 65 5 27 12 91 19 66 10 65 71 27 88 59 31 76 37 62 30 35 62 54 70 81 68 62 0 40 58 62 24 53 80 56 56 5 73 5 83 76 37 43 80 29 39 80 83 77 0 78 80 80 47 48 75 86 68 54 69 39 32 23 5 82 89 15 49 74 84 31 52 28 51 72 71 80 36 70 8 99 69 67 65 19 69 13 24 45 76 48 81 2 37 11 81 43 
81 73 9 48 98 3 2 51 17 30 32 20 9 67 98 93 25 25 62 16 86 83 19 72 38 40 87 92 96 39 21 25 2 85 28 77 73 55 99 34 82 59 38 18 62 32 94 35 60 65 74 54 7 93 41 47 5 97 10 30 77 60 72 73 68 72 33 46 88 2 70 5 7 19 22 94 15 75 2 71 39 16 22 16 54 44 19 52 56 0 24 30 48 79 54 72 98 69 56 35 
55 39 81 4 63 68 50 80 4 53 14 55 19 85 61 89 4 94 21 27 7 76 46 8 20 64 40 47 47 38 9 76 8 3 73 70 78 89 7 79 64 61 15 67 46 71 84 73 22 26 58 27 95 14 19 81 89 39 55 68 15 61 91 44 10 61 71 9 10 72 69 12 0 15 61 9 75 27 56 84 47 38 39 89 23 30 19 55 49 26 6 38 57 51 41 83 34 11 22 78 
13 42 6 3 19 17 17 58 24 92 98 58 98 61 21 69 99 71 60 12 57 61 88 1 34 30 22 68 58 44 68 19 25 76 65 21 69 49 55 21 48 73 41 94 22 83 52 61 45 18 77 85 27 7 40 23 32 11 41 29 44 5 67 77 55 26 40 82 49 1 69 31 24 79 52 28 25 97 51 8 75 90 98 82 65 89 59 40 19 0 32 20 61 53 97 70 96 39 36 93 
56 39 59 50 56 2 78 50 44 55 65 17 37 7 29 78 39 0 1 29 0 98 58 21 3 48 53 33 74 67 45 89 67 35 92 30 48 27 80 61 77 56 78 25 82 56 42 63 38 81 16 79 91 23 6 7 97 18 4 80 39 65 85 94 80 10 39 64 95 6 75 89 28 0 54 71 20 79 66 32 53 46 31 28 50 32 0 50 32 13 34 31 22 11 36 38 38 34 46 52 
97 74 9 77 30 27 28 70 21 42 28 46 20 40 95 15 28 41 17 30 14 63 67 96 18 97 22 17 29 60 53 21 68 70 33 36 61 41 36 21 27 5 18 95 83 76 35 69 59 45 43 44 33 36 75 28 28 56 7 46 12 78 71 7 38 27 39 37 10 46 83 92 60 62 5 62 82 20 40 35 85 64 39 48 28 86 22 75 80 54 97 6 10 84 6 33 38 15 52 78 
11 91 48 67 55 65 91 83 49 7 43 99 43 11 83 27 58 31 89 86 24 49 74 72 56 32 25 84 50 63 89 79 12 54 13 98 44 5 35 94 9 94 62 54 26 46 11 63 40 25 61 42 26 76 29 5 1 77 31 75 1 25 3 36 9 0 41 28 94 82 26 17 39 42 78 80 43 43 97 41 98 80 36 59 64 57 81 22 21 43 87 82 80 29 9 35 12 51 24 30 
56 35 61 9 27 85 27 96 45 84 96 18 35 8 83 3 77 28 49 77 94 94 30 29 68 85 85 76 24 83 26 51 78 45 22 7 37 38 91 46 86 75 87 96 39 71 70 72 55 79 44 45 87 0 8 90 82 69 73 32 1 82 31 24 77 67 42 55 52 60 6 6 73 9 97 11 49 74 1 22 5 51 6 77 14 71 44 60 57 16 14 57 25 48 81 56 12 86 14 29 
5 48 29 71 81 46 18 12 87 22 35 59 39 70 13 34 3 72 95 24 34 24 77 0 1 89 54 40 98 50 14 82 19 55 1 42 5 40 7 51 15 49 92 18 4 55 53 89 96 90 27 85 52 66 69 72 61 10 62 49 98 38 45 28 75 43 51 86 9 67 74 67 12 93 7 45 98 8 14 41 7 43 68 66 34 8 24 43 53 14 31 69 47 30 18 3 60 36 28 58 
87 70 93 51 55 11 29 72 63 39 26 7 93 18 97 84 94 99 73 39 67 70 35 74 97 32 59 13 86 27 8 19 70 95 20 75 88 36 41 26 27 14 53 44 59 74 34 75 63 0 56 23 26 72 22 57 13 88 51 10 55 82 30 47 31 81 79 84 64 76 11 87 9 96 12 75 95 62 19 24 12 90 62 49 34 68 12 27 35 34 33 72 18 7 47 40 40 51 8 84 
31 92 60 16 94 47 11 9 5 71 51 64 45 50 72 48 39 98 12 46 69 38 65 15 67 27 2 66 63 5 2 91 45 92 8 20 85 11 10 77 16 0 0 70 82 51 80 78 83 87 61 22 17 1 11 57 35 98 23 51 95 93 48 52 46 28 50 6 35 47 37 77 13 61 95 45 71 17 14 55 13 20 85 84 37 22 88 99 27 90 29 17 78 71 9 57 10 90 7 72 
10 23 47 51 87 1 81 68 6 8 66 93 47 29 62 51 0 22 49 74 19 56 46 64 15 71 90 15 53 45 97 88 23 97 36 64 51 60 96 54 49 97 94 29 8 63 23 8 13 74 81 10 10 33 95 69 65 35 83 59 91 54 25 16 71 92 80 88 73 48 61 16 41 38 68 20 71 30 88 38 89 64 85 64 27 78 87 67 98 4 6 82 51 77 12 52 50 75 21 46 
57 41 23 24 69 92 5 56 39 49 52 57 69 43 76 43 18 81 96 67 86 92 86 52 85 81 54 45 74 19 81 88 99 94 27 65 73 57 10 88 15 37 11 97 74 89 31 8 99 81 67 92 56 3 63 65 13 99 89 11 17 72 29 34 38 8 14 98 2 40 45 43 61 36 43 18 51 13 74 13 16 70 22 5 21 41 3 78 78 19 65 39 32 0 4 23 87 3 13 37 
5 53 14 77 97 71 38 30 14 28 97 91 96 98 6 96 66 25 33 77 3 45 10 63 10 44 95 96 82 53 33 4 50 84 36 18 14 84 42 49 90 12 33 29 54 7 83 39 93 73 89 20 58 27 3 53 74 83 26 74 98 73 46 71 40 21 87 32 50 97 40 3 21 26 3 32 87 87 22 76 2 91 95 38 38 2 87 98 45 7 29 54 49 1 52 33 79 48 51 71 
23 73 32 22 47 81 73 45 30 46 29 41 8 87 29 54 36 66 50 1 73 26 71 74 23 35 52 16 19 73 66 52 6 23 62 53 59 34 56 83 29 87 48 94 11 67 98 79 41 60 31 90 50 73 33 41 27 48 83 94 14 23 32 69 9 80 47 35 48 7 68 48 28 75 90 10 35 69 37 97 19 91 1 68 38 34 76 58 30 69 8 29 65 15 36 53 43 27 74 97 
71 22 66 5 67 21 5 22 49 77 55 46 26 46 68 16 78 40 72 93 23 18 17 3 82 57 63 91 28 94 84 40 2 7 29 65 19 33 75 7 69 51 71 75 32 48 80 80 73 56 44 7 56 3 28 94 79 83 40 2 27 42 43 42 65 70 24 76 69 17 95 0 8 77 41 74 82 80 90 93 78 17 41 87 25 13 67 99 96 77 60 9 19 72 17 16 30 49 79 38 
93 29 16 41 56 5 21 12 9 53 2 73 55 8 11 90 50 70 99 35 33 77 7 98 77 42 72 64 90 13 23 62 75 95 47 35 71 86 53 95 87 62 5 39 3 52 61 3 51 15 29 31 14 79 6 50 15 58 91 19 54 21 39 4 76 41 70 58 43 4 15 47 18 3 55 5 98 77 55 80 52 37 94 59 84 91 21 81 44 1 11 12 37 99 22 76 52 49 12 88 
75 99 18 40 69 65 0 93 19 33 23 20 26 75 82 38 95 10 22 27 44 75 21 85 13 86 32 64 28 49 7 25 29 67 38 46 90 26 93 4 33 95 48 24 51 44 16 12 56 48 77 28 71 82 69 75 80 20 34 10 21 47 27 35 42 82 34 90 17 75 11 41 25 72 58 48 92 22 6 7 45 71 99 90 33 55 19 40 62 55 51 57 50 15 40 8 11 70 40 31 
29 74 86 93 79 74 4 25 14 63 14 92 3 88 26 21 57 56 62 48 49 27 5 60 45 26 98 37 85 97 96 71 18 53 28 26 76 35 59 53 22 16 1 22 31 2 89 85 52 41 92 61 25 53 43 41 37 86 15 29 79 79 8 80 7 44 93 71 2 55 83 11 57 63 9 72 76 61 67 97 67 25 0 30 73 0 85 28 13 68 37 15 91 50 22 85 94 1 11 48 
69 40 13 49 12 1 57 15 97 11 69 60 58 9 93 5 59 20 66 50 39 32 73 49 68 42 8 5 64 88 25 75 91 8 17 40 66 6 23 14 68 81 10 95 54 87 30 67 10 83 37 84 99 95 98 13 69 46 34 10 30 71 12 37 17 50 47 62 29 68 71 97 81 73 41 7 33 35 68 20 45 43 9 91 16 69 98 80 13 98 89 78 35 20 91 92 67 81 93 18 
37 49 5 66 35 78 73 98 74 15 16 54 46 60 12 1 18 88 84 98 22 47 89 7 68 33 33 68 26 20 10 92 24 8 87 31 87 57 75 91 39 32 63 5 32 33 98 27 58 34 94 8 95 9 34 19 77 51 4 34 33 35 45 58 98 1 62 77 79 80 39 39 3 60 98 47 14 15 46 67 21 93 82 93 57 26 25 64 8 39 71 90 73 49 82 68 89 39 83 84 
58 88 28 15 29 96 96 38 44 41 8 82 74 68 54 50 15 47 43 32 72 73 15 39 3 85 94 61 42 30 34 61 72 45 27 40 6 68 80 32 92 0 89 10 43 80 74 31 5 65 6 84 22 37 64 91 90 98 52 63 1 78 40 77 90 30 0 60 71 30 18 95 64 92 5 16 55 86 8 46 59 46 95 86 55 53 41 85 93 26 38 57 41 41 60 99 16 30 3 77 
89 35 30 88 2 25 9 86 31 3 67 62 99 94 65 12 53 86 71 10 93 18 70 56 36 44 61 38 3 14 59 75 25 99 40 26 44 87 53 68 2 96 23 75 22 99 67 45 36 92 53 61 16 65 43 63 50 60 98 52 28 54 26 39 96 42 2 51 3 92 54 43 18 78 42 41 34 65 98 26 39 96 75 12 68 76 11 78 74 50 92 86 90 91 59 83 90 93 31 96 
14 25 44 59 64 35 53 87 77 33 99 39 52 7 94 86 27 85 66 42 7 39 50 56 56 20 10 97 48 49 59 2 98 10 84 47 81 56 65 15 54 30 47 30 84 89 14 82 30 28 49 10 67 67 31 58 70 1 20 16 62 99 48 92 79 97 0 11 78 52 13 94 3 52 82 27 73 24 12 3 89 72 13 9 14 1 23 62 47 49 34 26 7 32 19 63 88 1 70 45 
75 67 97 77 95 78 59 40 6 38 60 89 88 54 53 99 1 80 48 47 88 25 81 66 90 17 9 54 49 60 11 84 77 15 25 21 39 66 15 11 41 11 87 52 26 43 23 54 95 30 35 39 1 98 41 26 42 37 55 18 53 72 41 80 48 61 13 14 9 35 26 37 2 98 67 40 82 0 90 63 43 26 29 75 4 42 75 0 6 40 71 98 44 80 31 77 72 88 95 41 
78 34 14 35 37 98 59 13 46 42 40 9 26 67 64 24 43 0 45 82 15 42 28 30 4 8 95 10 66 94 37 25 77 89 13 9 3 2 63 10 8 13 88 24 52 37 89 21 88 93 34 29 59 73 20 90 53 84 30 48 31 23 48 91 7 90 91 30 8 25 38 9 23 85 59 88 71 15 60 60 46 60 27 92 46 15 37 28 23 65 99 24 69 42 1 48 57 90 2 71 
52 85 64 53 79 21 76 49 41 78 50 42 38 96 67 41 6 12 43 61 35 54 32 8 99 19 16 60 46 99 76 84 70 9 65 88 57 64 98 66 11 50 99 86 19 59 77 33 96 65 17 15 48 67 4 99 70 48 63 68 72 33 75 1 13 38 71 56 36 69 56 61 69 1 47 19 48 73 20 0 44 16 95 87 96 24 77 83 46 83 5 17 56 30 68 13 72 80 54 98 
27 6 60 7 26 5 45 38 69 81 2 2 76 93 5 32 66 93 81 38 42 43 21 41 1 80 70 77 68 81 14 9 4 63 2 49 0 85 26 64 1 83 78 74 35 23 20 85 35 66 2 87 60 77 2 65 86 31 13 15 60 49 23 62 35 53 44 45 68 42 15 78 8 70 67 69 27 13 56 66 55 86 15 55 5 57 57 74 50 38 85 97 29 67 37 33 56 44 2 6 
53 80 52 27 2 71 76 51 31 95 8 66 0 40 66 10 63 82 48 21 79 41 13 13 67 70 41 93 50 43 32 37 99 66 81 1 84 69 39 98 43 34 56 77 61 24 30 93 32 29 99 27 77 84 30 26 51 61 40 67 63 99 8 26 3 58 38 89 33 35 57 41 74 20 45 68 82 5 11 83 39 21 79 44 37 80 93 6 29 82 66 35 22 91 24 53 20 93 41 67 
21 76 74 82 10 77 19 29 57 80 51 97 63 74 85 35 42 73 95 19 23 85 13 89 40 55 6 15 48 26 83 39 26 41 19 30 13 90 34 0 52 70 60 31 26 93 24 87 49 23 93 16 72 88 41 37 48 55 44 21 48 33 51 22 1 74 2 57 0 86 38 86 83 47 79 2 34 52 8 39 24 60 55 54 16 48 15 93 79 26 60 90 16 80 70 89 32 73 20 94 
71 94 80 85 79 70 44 34 55 88 86 24 79 10 29 39 51 87 25 43 88 96 77 44 97 62 14 5 36 97 72 17 74 58 82 57 70 55 84 33 84 68 34 43 41 87 81 40 13 7 52 18 18 22 24 87 3 10 80 59 98 38 2 87 77 15 59 55 58 83 85 95 29 29 64 35 86 94 4 9 27 14 10 67 99 55 72 77 9 15 47 87 75 27 66 64 16 32 0 99 
2 88 57 80 25 39 97 10 12 56 29 73 51 24 9 3 30 91 9 6 71 11 76 45 15 68 75 42 2 78 94 76 24 16 90 20 19 82 57 85 33 20 50 35 34 64 98 9 59 8 47 15 64 14 29 97 56 71 85 59 23 51 68 95 37 81 85 55 98 75 21 42 94 88 75 50 74 19 14 22 70 88 52 9 65 30 12 67 41 38 54 66 43 75 4 9 5 34 93 12 
83 48 71 54 23 81 34 63 85 86 40 16 98 6 97 54 66 75 70 50 75 28 32 38 33 11 72 22 81 66 52 10 26 55 67 95 42 55 18 95 70 29 89 17 84 0 7 54 0 82 68 14 4 88 15 30 94 79 14 6 31 87 21 72 4 40 36 86 28 67 9 28 8 39 56 73 55 78 55 49 56 35 48 85 47 19 53 64 59 35 52 2 22 36 82 88 27 83 96 4 
24 3 27 90 22 1 87 86 88 38 59 62 1 67 70 92 51 24 15 17 44 68 27 44 28 38 60 78 50 10 73 66 2 7 9 58 96 89 32 90 16 52 81 90 80 3 7 81 64 78 14 79 67 37 53 64 8 50 98 73 92 83 99 8 54 41 79 82 92 97 98 67 29 49 9 58 51 1 59 18 52 37 31 29 42 20 40 99 8 49 23 71 2 29 85 30 58 20 90 16 
28 24 28 89 24 6 99 74 1 66 50 28 67 1 50 41 5 98 41 74 78 17 9 30 94 52 96 8 81 72 78 9 31 21 46 42 79 54 3 2 37 98 87 49 16 99 87 83 19 43 52 43 49 72 38 55 33 62 12 41 85 76 5 43 67 43 76 55 87 34 5 2 47 64 27 40 2 38 79 85 20 18 66 77 52 31 53 53 1 12 26 94 73 89 65 51 2 33 47 73 
75 62 42 33 84 73 1 91 3 79 54 54 52 76 2 52 7 62 81 45 44 75 89 72 99 61 81 62 58 38 41 42 56 1 51 54 69 93 0 3 68 54 83 87 7 55 67 0 54 64 53 5 52 33 67 4 53 36 27 31 53 87 83 96 45 47 31 73 2 36 95 56 3 38 20 68 55 47 47 32 56 43 83 23 74 58 4 19 10 89 78 57 17 27 99 8 38 48 19 10 
35 16 34 50 96 28 48 11 93 33 50 52 97 14 28 63 45 6 18 24 47 40 93 65 45 31 44 88 40 11 78 83 5 55 49 89 36 95 36 68 63 77 86 49 71 46 38 77 22 70 63 71 92 81 31 10 0 54 56 65 68 80 45 2 89 43 84 4 33 57 34 11 6 73 25 93 53 3 83 18 82 25 27 94 67 78 70 40 11 42 3 33 13 55 46 68 38 46 28 31 
96 1 54 95 55 53 77 68 75 38 53 1 4 61 91 84 57 6 79 29 94 98 21 65 93 21 62 90 25 55 48 8 76 69 19 43 34 37 11 56 58 51 56 43 96 50 37 2 25 21 22 11 9 12 3 25 1 86 69 39 79 62 0 34 39 75 72 18 34 2 54 4 7 13 24 45 98 24 75 28 17 29 89 23 34 66 56 44 16 43 66 48 48 15 34 42 99 93 75 16 
45 49 56 16 56 65 99 39 37 75 1 75 93 41 36 29 92 86 76 73 13 59 4 64 56 17 8 58 64 73 8 85 85 1 25 46 17 55 55 68 10 20 34 76 81 3 56 42 60 6 22 28 9 13 54 79 23 34 34 7 12 58 51 65 48 0 76 61 11 54 60 81 37 44 78 40 66 14 54 80 51 76 61 64 65 90 4 65 88 17 13 61 59 1 7 20 15 37 35 1 
24 81 64 73 8 74 52 5 15 30 41 84 47 36 26 38 82 30 18 2 99 0 64 15 64 53 48 65 10 82 92 39 40 72 25 37 2 28 47 49 93 21 43 88 92 94 43 58 6 46 8 8 77 81 84 92 37 70 3 86 33 80 17 15 73 8 2 97 57 56 13 22 13 32 54 64 3 67 88 96 49 47 25 30 75 27 38 91 41 72 98 87 33 73 89 35 26 41 79 85 
62 46 61 4 17 2 65 68 95 72 16 27 41 46 93 78 96 8 19 64 93 52 7 9 66 43 40 77 92 54 6 44 61 16 70 17 50 26 45 63 20 46 30 93 98 63 84 63 12 78 11 2 20 70 19 29 45 51 51 1 48 11 23 81 54 22 58 27 56 48 35 14 5 7 66 63 24 98 48 36 91 72 35 32 0 67 9 16 3 76 36 35 65 61 64 20 7 9 43 86 
21 31 38 97 76 14 16 25 86 99 35 10 63 85 60 53 76 64 89 60 39 81 76 89 45 18 11 76 0 84 37 46 26 32 75 84 20 22 25 11 3 55 10 92 45 22 17 99 30 63 25 72 66 93 57 13 86 78 0 10 50 83 53 68 15 42 83 89 61 40 91 83 75 78 88 25 74 10 43 15 14 2 24 99 78 55 45 51 56 48 23 34 85 80 27 39 5 43 37 66 
33 41 16 51 26 68 28 2 52 95 31 25 80 70 14 37 62 30 75 3 37 55 79 80 92 14 61 12 11 64 22 77 84 68 93 60 47 97 25 9 4 93 15 11 39 56 29 98 93 72 42 69 52 16 47 98 1 21 0 48 12 5 42 6 74 25 14 5 65 99 51 68 41 73 26 85 78 31 46 59 19 88 83 4 19 14 53 26 76 41 73 92 69 75 64 39 71 68 24 7 
28 69 8 32 48 38 4 25 57 92 87 56 62 68 49 86 49 62 51 93 20 73 65 49 2 47 76 51 28 29 48 58 70 7 19 25 36 68 48 28 63 92 79 82 68 88 26 65 22 23 77 86 51 66 28 54 70 36 95 60 82 79 50 9 69 66 85 11 63 39 24 87 93 99 46 3 11 40 30 85 38 49 8 63 90 15 97 12 30 30 22 56 19 98 50 53 87 16 15 19 
83 23 41 74 98 99 41 9 55 65 90 99 73 26 47 97 36 14 7 52 96 29 58 53 97 23 89 17 90 54 45 72 71 10 79 87 65 17 58 40 93 43 90 97 60 22 55 38 32 9 14 39 17 6 82 31 14 59 39 89 60 8 57 47 98 53 5 95 52 99 99 63 9 23 30 51 76 11 9 75 66 23 73 95 71 13 76 88 50 37 76 27 99 37 48 19 94 87 64 45 
80 58 86 46 58 21 24 38 91 84 40 6 98 54 79 50 10 72 6 85 53 2 58 53 68 41 44 47 45 9 52 88 19 11 82 46 6 65 41 66 11 73 6 50 73 28 70 40 80 18 99 49 65 22 88 67 99 55 13 61 68 16 9 79 60 3 66 17 23 89 31 63 0 40 27 4 42 85 29 44 17 2 55 66 11 42 15 29 75 33 74 1 10 71 6 33 66 11 7 52 
85 16 99 20 18 80 43 12 23 49 2 4 70 94 45 51 92 34 65 69 13 28 86 14 28 90 97 3 62 0 47 41 19 34 34 71 56 56 96 3 85 6 39 54 10 12 6 0 33 65 37 19 40 87 49 12 35 68 32 80 29 4 50 64 39 55 69 74 53 49 4 40 32 18 35 58 96 51 19 82 48 86 15 79 74 26 42 73 26 90 95 77 15 89 47 92 12 65 91 51 
76 47 95 44 64 83 87 54 41 36 19 88 10 63 53 70 96 52 90 14 35 70 62 76 20 97 44 76 43 60 58 30 52 47 84 1 62 46 47 81 39 12 15 94 31 59 38 97 24 85 9 80 61 48 0 32 59 79 36 89 80 62 90 61 7 75 88 39 33 61 21 29 42 60 81 51 2 32 24 58 43 51 40 32 30 11 92 37 0 65 50 47 33 44 77 92 40 56 86 6 
87 72 9 65 58 95 3 61 74 46 65 77 34 86 74 89 14 44 23 37 97 42 75 37 66 53 75 36 16 82 20 56 36 62 14 93 84 64 91 13 89 40 49 78 52 7 83 62 68 83 29 94 63 77 63 16 56 69 86 74 59 14 49 66 53 0 25 0 56 47 67 72 73 33 41 49 41 47 43 8 62 83 6 80 60 34 95 7 0 79 99 47 43 84 60 88 5 66 7 78 
77 99 18 93 98 17 53 42 62 88 75 49 99 95 13 26 85 15 35 79 34 34 64 36 59 53 52 66 17 58 87 72 13 81 1 85 60 74 53 54 39 99 9 96 31 12 43 44 77 9 37 65 18 73 6 36 87 38 52 79 40 55 76 44 28 35 99 66 44 41 18 96 64 6 72 53 76 0 59 10 49 4 98 19 61 45 42 89 80 75 80 21 88 61 18 38 70 69 64 63 
52 9 1 53 93 90 61 81 33 1 19 24 34 9 33 28 32 32 87 19 69 9 21 32 37 62 24 97 79 61 31 2 78 2 23 1 83 75 52 62 92 46 63 79 3 59 81 50 47 76 26 67 39 17 1 81 8 13 76 67 84 65 40 76 72 62 33 11 71 64 60 17 77 92 27 84 90 29 18 69 10 93 60 68 85 55 81 65 59 64 21 49 99 41 36 63 94 41 65 38 
